image_width: 1280
image_height: 960
camera_name: narrow_stereo
camera_matrix:
  rows: 3
  cols: 3
  data: [1189.172352, 0.000000, 620.799544, 0.000000, 1161.759184, 617.743468, 0.000000, 0.000000, 1.000000]
distortion_model: plumb_bob
distortion_coefficients:
  rows: 1
  cols: 5
  data: [0.186270, -0.231913, 0.021513, -0.021008, 0.000000]
rectification_matrix:
  rows: 3
  cols: 3
  data: [1.000000, 0.000000, 0.000000, 0.000000, 1.000000, 0.000000, 0.000000, 0.000000, 1.000000]
projection_matrix:
  rows: 3
  cols: 4
  data: [1187.025146, 0.000000, 587.728509, 0.000000, 0.000000, 1134.545654, 635.721424, 0.000000, 0.000000, 0.000000, 1.000000, 0.000000]
